0.1	0.03243522	0.10243298
0.10051995	0.032181	0.1019718
0.1010426	0.03192745	0.10151415
0.10156797	0.0316746	0.10106004
0.10209607	0.03142245	0.10060948
0.10262691	0.03117106	0.10016249
0.10316052	0.03092042	0.09971907
0.1036969	0.03067058	0.09927923
0.10423607	0.03042156	0.09884297
0.10477804	0.03017337	0.09841031
0.10532283	0.02992605	0.09798126
0.10587045	0.02967962	0.09755581
0.10642092	0.02943411	0.09713398
0.10697426	0.02918954	0.09671577
0.10753047	0.02894594	0.09630119
0.10808957	0.02870333	0.09589025
0.10865158	0.02846174	0.09548294
0.10921651	0.02822119	0.09507927
0.10978438	0.02798171	0.09467925
0.1103552	0.02774333	0.09428288
0.11092899	0.02750607	0.09389016
0.11150576	0.02726996	0.0935011
0.11208553	0.02703502	0.09311569
0.11266832	0.02680129	0.09273395
0.11325413	0.02656878	0.09235586
0.11384299	0.02633753	0.09198143
0.11443492	0.02610755	0.09161066
0.11502992	0.02587889	0.09124355
0.11562801	0.02565155	0.0908801
0.11622922	0.02542558	0.09052031
0.11683355	0.025201	0.09016417
0.11744102	0.02497783	0.08981168
0.11805165	0.0247561	0.08946284
0.11866546	0.02453584	0.08911765
0.11928246	0.02431708	0.0887761
0.11990266	0.02409985	0.08843819
0.12052609	0.02388416	0.08810391
0.12115277	0.02367005	0.08777325
0.1217827	0.02345755	0.08744621
0.1224159	0.02324669	0.08712279
0.1230524	0.02303748	0.08680297
0.12369221	0.02282996	0.08648675
0.12433534	0.02262417	0.08617412
0.12498182	0.02242011	0.08586507
0.12563166	0.02221784	0.08555958
0.12628488	0.02201736	0.08525766
0.12694149	0.02181871	0.08495929
0.12760152	0.02162192	0.08466445
0.12826498	0.02142702	0.08437314
0.12893189	0.02123403	0.08408535
0.12960227	0.02104298	0.08380106
0.13027613	0.02085391	0.08352025
0.1309535	0.02066684	0.08324292
0.13163439	0.02048179	0.08296904
0.13231882	0.0202988	0.08269862
0.13300681	0.0201179	0.08243161
0.13369837	0.01993912	0.08216803
0.13439354	0.01976247	0.08190783
0.13509231	0.019588	0.08165102
0.13579472	0.01941573	0.08139757
0.13650078	0.01924569	0.08114746
0.13721051	0.01907791	0.08090067
0.13792394	0.01891242	0.08065719
0.13864107	0.01874925	0.08041699
0.13936193	0.01858842	0.08018006
0.14008654	0.01842997	0.07994637
0.14081491	0.01827392	0.0797159
0.14154708	0.01812031	0.07948864
0.14228305	0.01796916	0.07926455
0.14302284	0.0178205	0.07904362
0.14376649	0.01767437	0.07882582
0.144514	0.01753079	0.07861113
0.14526539	0.01738979	0.07839952
0.1460207	0.0172514	0.07819098
0.14677993	0.01711565	0.07798547
0.14754311	0.01698257	0.07778297
0.14831025	0.01685219	0.07758346
0.14908139	0.01672454	0.07738691
0.14985653	0.01659965	0.07719329
0.15063571	0.01647754	0.07700257
0.15141893	0.01635825	0.07681473
0.15220623	0.01624181	0.07662974
0.15299762	0.01612825	0.07644758
0.15379313	0.0160176	0.07626821
0.15459277	0.01590988	0.0760916
0.15539657	0.01580512	0.07591773
0.15620455	0.01570337	0.07574657
0.15701674	0.01560464	0.07557809
0.15783314	0.01550896	0.07541226
0.15865379	0.01541637	0.07524904
0.15947871	0.01532689	0.07508841
0.16030791	0.01524056	0.07493034
0.16114143	0.01515741	0.07477479
0.16197928	0.01507745	0.07462174
0.16282149	0.01500074	0.07447115
0.16366807	0.01492728	0.074323
0.16451906	0.01485712	0.07417725
0.16537447	0.01479029	0.07403386
0.16623433	0.0147268	0.07389281
0.16709866	0.0146667	0.07375407
0.16796749	0.01461001	0.0736176
0.16884083	0.01455677	0.07348337
0.16971871	0.014507	0.07335135
0.17060116	0.01446072	0.0732215
0.1714882	0.01441798	0.07309379
0.17237985	0.0143788	0.07296819
0.17327613	0.01434322	0.07284467
0.17417707	0.01431125	0.07272319
0.1750827	0.01428293	0.07260372
0.17599304	0.01425829	0.07248623
0.17690811	0.01423736	0.07237069
0.17782794	0.01422017	0.07225705
0.17875255	0.01420675	0.07214529
0.17968197	0.01419713	0.07203538
0.18061622	0.01419133	0.07192728
0.18155533	0.01418939	0.07182095
0.18249932	0.01419133	0.07171638
0.18344822	0.01419719	0.07161351
0.18440206	0.014207	0.07151233
0.18536085	0.01422077	0.07141279
0.18632463	0.01423855	0.07131487
0.18729342	0.01426036	0.07121853
0.18826725	0.01428624	0.07112374
0.18924614	0.0143162	0.07103046
0.19023012	0.01435028	0.07093867
0.19121922	0.01438851	0.07084833
0.19221345	0.01443091	0.07075942
0.19321286	0.01447752	0.07067189
0.19421747	0.01452837	0.07058572
0.1952273	0.01458348	0.07050087
0.19624238	0.01464288	0.07041732
0.19726273	0.0147066	0.07033503
0.19828839	0.01477467	0.07025397
0.19931939	0.01484711	0.07017411
0.20035575	0.01492396	0.07009543
0.20139749	0.01500525	0.07001788
0.20244465	0.015091	0.06994145
0.20349726	0.01518123	0.06986609
0.20455534	0.01527599	0.06979179
0.20561891	0.01537529	0.06971851
0.20668802	0.01547917	0.06964621
0.20776269	0.01558764	0.06957489
0.20884295	0.01570075	0.06950449
0.20992882	0.01581852	0.069435
0.21102034	0.01594097	0.06936639
0.21211754	0.01606813	0.06929863
0.21322044	0.01620003	0.0692317
0.21432907	0.0163367	0.06916555
0.21544347	0.01647817	0.06910018
0.21656366	0.01662445	0.06903554
0.21768968	0.01677559	0.06897163
0.21882155	0.0169316	0.0689084
0.21995931	0.01709251	0.06884583
0.22110298	0.01725835	0.0687839
0.2222526	0.01742915	0.06872258
0.22340819	0.01760493	0.06866185
0.2245698	0.01778572	0.06860169
0.22573744	0.01797154	0.06854206
0.22691116	0.01816243	0.06848295
0.22809098	0.0183584	0.06842432
0.22927693	0.01855949	0.06836617
0.23046905	0.01876571	0.06830846
0.23166737	0.0189771	0.06825117
0.23287192	0.01919368	0.06819429
0.23408273	0.01941548	0.06813778
0.23529983	0.01964251	0.06808163
0.23652327	0.01987482	0.06802581
0.23775307	0.02011241	0.06797031
0.23898926	0.02035532	0.0679151
0.24023187	0.02060357	0.06786016
0.24148095	0.02085719	0.06780548
0.24273653	0.0211162	0.06775103
0.24399863	0.02138063	0.0676968
0.24526729	0.02165049	0.06764277
0.24654255	0.02192582	0.06758891
0.24782445	0.02220663	0.06753521
0.249113	0.02249296	0.06748165
0.25040826	0.02278482	0.06742822
0.25171025	0.02308224	0.06737489
0.25301901	0.02338524	0.06732165
0.25433458	0.02369385	0.06726849
0.25565698	0.02400809	0.06721538
0.25698626	0.02432798	0.06716231
0.25832246	0.02465354	0.06710927
0.2596656	0.0249848	0.06705625
0.26101572	0.02532178	0.06700321
0.26237287	0.0256645	0.06695016
0.26373707	0.02601298	0.06689708
0.26510836	0.02636725	0.06684395
0.26648678	0.02672733	0.06679076
0.26787237	0.02709324	0.0667375
0.26926517	0.02746499	0.06668415
0.27066521	0.02784262	0.06663071
0.27207252	0.02822615	0.06657715
0.27348716	0.02861559	0.06652347
0.27490915	0.02901096	0.06646966
0.27633853	0.02941229	0.06641571
0.27777534	0.0298196	0.06636159
0.27921963	0.0302329	0.06630732
0.28067142	0.03065222	0.06625286
0.28213077	0.03107757	0.06619822
0.2835977	0.03150899	0.06614338
0.28507226	0.03194647	0.06608834
0.28655448	0.03239006	0.06603309
0.28804442	0.03283975	0.06597761
0.28954209	0.03329558	0.0659219
0.29104756	0.03375756	0.06586595
0.29256085	0.03422571	0.06580975
0.29408202	0.03470006	0.0657533
0.29561109	0.0351806	0.06569658
0.29714811	0.03566737	0.0656396
0.29869312	0.03616039	0.06558234
0.30024617	0.03665966	0.0655248
0.30180729	0.03716522	0.06546697
0.30337653	0.03767706	0.06540884
0.30495393	0.03819522	0.06535042
0.30653953	0.03871971	0.06529169
0.30813337	0.03925054	0.06523266
0.3097355	0.03978773	0.0651733
0.31134597	0.04033129	0.06511363
0.3129648	0.04088125	0.06505364
0.31459205	0.04143762	0.06499332
0.31622777	0.04200042	0.06493266
0.31787198	0.04256965	0.06487168
0.31952475	0.04314533	0.06481035
0.32118611	0.04372749	0.06474869
0.32285611	0.04431612	0.06468668
0.32453479	0.04491126	0.06462433
0.3262222	0.0455129	0.06456163
0.32791838	0.04612107	0.06449858
0.32962339	0.04673578	0.06443518
0.33133726	0.04735704	0.06437142
0.33306003	0.04798486	0.06430731
0.33479177	0.04861927	0.06424285
0.33653251	0.04926026	0.06417803
0.3382823	0.04990786	0.06411285
0.34004119	0.05056207	0.06404731
0.34180923	0.05122291	0.06398142
0.34358646	0.05189038	0.06391517
0.34537292	0.05256451	0.06384856
0.34716868	0.0532453	0.06378159
0.34897378	0.05393275	0.06371427
0.35078826	0.0546269	0.0636466
0.35261217	0.05532773	0.06357856
0.35444557	0.05603527	0.06351018
0.3562885	0.05674952	0.06344144
0.35814101	0.05747049	0.06337235
0.36000315	0.0581982	0.06330292
0.36187498	0.05893264	0.06323313
0.36375654	0.05967384	0.06316301
0.36564788	0.0604218	0.06309253
0.36754906	0.06117652	0.06302172
0.36946012	0.06193801	0.06295058
0.37138112	0.06270629	0.06287909
0.3733121	0.06348136	0.06280728
0.37525313	0.06426323	0.06273514
0.37720425	0.0650519	0.06266267
0.37916551	0.06584739	0.06258988
0.38113697	0.06664969	0.06251677
0.38311868	0.06745881	0.06244334
0.3851107	0.06827477	0.06236961
0.38711307	0.06909756	0.06229557
0.38912586	0.06992719	0.06222122
0.39114911	0.07076367	0.06214658
0.39318288	0.071607	0.06207164
0.39522722	0.07245718	0.06199641
0.39728219	0.07331423	0.0619209
0.39934785	0.07417813	0.06184511
0.40142425	0.07504891	0.06176904
0.40351144	0.07592655	0.0616927
0.40560949	0.07681107	0.06161609
0.40771845	0.07770247	0.06153923
0.40983837	0.07860074	0.06146211
0.41196931	0.0795059	0.06138474
0.41411133	0.08041794	0.06130712
0.41626449	0.08133687	0.06122927
0.41842885	0.08226268	0.06115119
0.42060446	0.08319538	0.06107287
0.42279138	0.08413497	0.06099434
0.42498967	0.08508145	0.06091559
0.4271994	0.08603482	0.06083663
0.42942061	0.08699508	0.06075747
0.43165337	0.08796222	0.06067812
0.43389774	0.08893626	0.06059857
0.43615378	0.08991718	0.06051884
0.43842155	0.09090499	0.06043893
0.44070111	0.09189968	0.06035885
0.44299252	0.09290126	0.06027861
0.44529585	0.09390972	0.0601982
0.44761115	0.09492506	0.06011765
0.4499385	0.09594727	0.06003695
0.45227794	0.09697635	0.05995612
0.45462955	0.09801231	0.05987515
0.45699338	0.09905513	0.05979406
0.45936951	0.10010481	0.05971286
0.46175799	0.10116135	0.05963154
0.46415888	0.10222474	0.05955012
0.46657226	0.10329498	0.05946861
0.46899819	0.10437206	0.05938701
0.47143674	0.10545598	0.05930532
0.47388796	0.10654673	0.05922356
0.47635193	0.10764431	0.05914174
0.47882871	0.10874871	0.05905985
0.48131836	0.10985992	0.05897791
0.48382097	0.11097793	0.05889593
0.48633658	0.11210275	0.05881391
0.48886527	0.11323435	0.05873185
0.49140712	0.11437274	0.05864978
0.49396217	0.1155179	0.05856768
0.49653052	0.11666983	0.05848558
0.49911221	0.11782851	0.05840348
0.50170733	0.11899395	0.05832138
0.50431595	0.12016612	0.0582393
0.50693813	0.12134502	0.05815723
0.50957394	0.12253064	0.05807519
0.51222345	0.12372296	0.05799319
0.51488675	0.12492199	0.05791123
0.51756388	0.1261277	0.05782932
0.52025494	0.12734008	0.05774747
0.52296	0.12855913	0.05766568
0.52567911	0.12978483	0.05758396
0.52841237	0.13101717	0.05750232
0.53115983	0.13225613	0.05742076
0.53392158	0.13350171	0.0573393
0.53669769	0.13475389	0.05725793
0.53948824	0.13601266	0.05717667
0.54229329	0.13727799	0.05709553
0.54511293	0.13854989	0.05701451
0.54794723	0.13982833	0.05693361
0.55079627	0.1411133	0.05685285
0.55366012	0.14240478	0.05677223
0.55653886	0.14370276	0.05669175
0.55943257	0.14500722	0.05661144
0.56234133	0.14631815	0.05653128
0.5652652	0.14763553	0.05645129
0.56820428	0.14895935	0.05637148
0.57115865	0.15028958	0.05629184
0.57412837	0.1516262	0.0562124
0.57711354	0.15296921	0.05613315
0.58011422	0.15431859	0.0560541
0.58313051	0.15567431	0.05597525
0.58616248	0.15703635	0.05589662
0.58921022	0.1584047	0.05581821
0.5922738	0.15977934	0.05574002
0.59535331	0.16116025	0.05566207
0.59844884	0.16254741	0.05558435
0.60156046	0.16394079	0.05550687
0.60468825	0.16534038	0.05542964
0.60783231	0.16674616	0.05535267
0.61099272	0.16815811	0.05527596
0.61416956	0.1695762	0.05519951
0.61736292	0.17100041	0.05512333
0.62057288	0.17243072	0.05504743
0.62379953	0.17386712	0.05497181
0.62704296	0.17530956	0.05489647
0.63030325	0.17675804	0.05482143
0.6335805	0.17821253	0.05474669
0.63687478	0.17967301	0.05467224
0.6401862	0.18113944	0.0545981
0.64351483	0.18261181	0.05452428
0.64686077	0.1840901	0.05445077
0.6502241	0.18557427	0.05437757
0.65360492	0.18706431	0.05430471
0.65700333	0.18856018	0.05423217
0.6604194	0.19006186	0.05415996
0.66385323	0.19156933	0.0540881
0.66730492	0.19308256	0.05401657
0.67077455	0.19460152	0.05394539
0.67426222	0.19612619	0.05387455
0.67776803	0.19765653	0.05380407
0.68129207	0.19919252	0.05373394
0.68483443	0.20073414	0.05366418
0.68839521	0.20228135	0.05359477
0.6919745	0.20383412	0.05352574
0.6955724	0.20539243	0.05345707
0.69918901	0.20695625	0.05338877
0.70282443	0.20852555	0.05332085
0.70647874	0.21010029	0.0532533
0.71015206	0.21168045	0.05318614
0.71384448	0.213266	0.05311935
0.71755609	0.21485691	0.05305296
0.72128701	0.21645315	0.05298695
0.72503732	0.21805467	0.05292133
0.72880713	0.21966147	0.0528561
0.73259654	0.22127349	0.05279126
0.73640566	0.22289072	0.05272682
0.74023458	0.22451311	0.05266278
0.74408341	0.22614064	0.05259914
0.74795225	0.22777326	0.05253589
0.75184121	0.22941096	0.05247305
0.75575039	0.23105369	0.05241062
0.75967989	0.23270143	0.05234858
0.76362983	0.23435413	0.05228695
0.7676003	0.23601176	0.05222573
0.77159142	0.23767429	0.05216491
0.77560328	0.23934169	0.05210451
0.77963601	0.24101391	0.0520445
0.78368971	0.24269093	0.05198491
0.78776448	0.2443727	0.05192573
0.79186044	0.24605919	0.05186696
0.7959777	0.24775037	0.05180859
0.80011636	0.2494462	0.05175063
0.80427655	0.25114663	0.05169309
0.80845836	0.25285164	0.05163595
0.81266192	0.25456119	0.05157922
0.81688733	0.25627524	0.0515229
0.82113472	0.25799375	0.05146698
0.82540419	0.25971668	0.05141148
0.82969585	0.26144399	0.05135637
0.83400983	0.26317565	0.05130168
0.83834624	0.26491162	0.05124738
0.8427052	0.26665185	0.05119349
0.84708683	0.26839631	0.05114
0.85149123	0.27014496	0.05108692
0.85591854	0.27189776	0.05103423
0.86036886	0.27365467	0.05098193
0.86484233	0.27541564	0.05093004
0.86933905	0.27718064	0.05087854
0.87385916	0.27894963	0.05082743
0.87840276	0.28072256	0.0507767
0.88297	0.28249939	0.05072637
0.88756097	0.28428009	0.05067643
0.89217582	0.2860646	0.05062686
0.89681467	0.28785289	0.05057768
0.90147763	0.28964492	0.05052888
0.90616484	0.29144064	0.05048046
0.91087642	0.29324	0.0504324
0.9156125	0.29504297	0.05038472
0.9203732	0.29684951	0.05033741
0.92515866	0.29865956	0.05029047
0.92996899	0.30047309	0.05024388
0.93480434	0.30229005	0.05019766
0.93966483	0.3041104	0.05015179
0.94455059	0.30593408	0.05010628
0.94946176	0.30776107	0.05006111
0.95439846	0.3095913	0.0500163
0.95936083	0.31142475	0.04997182
0.964349	0.31326135	0.04992769
0.96936311	0.31510108	0.04988389
0.97440328	0.31694387	0.04984043
0.97946967	0.31878968	0.0497973
0.98456239	0.32063848	0.04975449
0.9896816	0.3224902	0.049712
0.99482742	0.32434481	0.04966983
1	0.32620226	0.04962797
1.00519947	0.3280625	0.04958642
1.01042598	0.32992548	0.04954518
1.01567966	0.33179116	0.04950424
1.02096066	0.33365948	0.0494636
1.02626912	0.33553041	0.04942325
1.03160518	0.33740389	0.04938319
1.03696898	0.33927987	0.04934342
1.04236067	0.34115831	0.04930392
1.0477804	0.34303916	0.0492647
1.05322831	0.34492236	0.04922576
1.05870454	0.34680788	0.04918707
1.06420924	0.34869565	0.04914866
1.06974257	0.35058564	0.0491105
1.07530467	0.35247779	0.04907259
1.08089569	0.35437204	0.04903493
1.08651577	0.35626836	0.04899751
1.09216508	0.3581667	0.04896034
1.09784377	0.36006699	0.04892339
1.10355198	0.3619692	0.04888668
1.10928986	0.36387326	0.0488502
1.11505759	0.36577914	0.04881393
1.1208553	0.36768678	0.04877788
1.12668316	0.36959612	0.04874203
1.13254132	0.37150712	0.0487064
1.13842993	0.37341973	0.04867096
1.14434917	0.37533389	0.04863572
1.15029918	0.37724956	0.04860067
1.15628013	0.37916668	0.0485658
1.16229218	0.38108519	0.04853112
1.16833549	0.38300506	0.04849661
1.17441021	0.38492621	0.04846228
1.18051653	0.38684862	0.0484281
1.18665459	0.38877221	0.04839409
1.19282457	0.39069694	0.04836024
1.19902663	0.39262276	0.04832653
1.20526094	0.3945496	0.04829298
1.21152766	0.39647743	0.04825956
1.21782696	0.39840619	0.04822628
1.22415902	0.40033582	0.04819313
1.230524	0.40226627	0.0481601
1.23692208	0.40419748	0.0481272
1.24335342	0.40612941	0.04809441
1.24981821	0.408062	0.04806173
1.2563166	0.4099952	0.04802916
1.26284879	0.41192894	0.04799669
1.26941494	0.41386319	0.04796431
1.27601522	0.41579788	0.04793203
1.28264983	0.41773296	0.04789983
1.28931893	0.41966838	0.04786772
1.29602271	0.42160407	0.04783568
1.30276135	0.42354	0.04780371
1.30953502	0.4254761	0.04777181
1.31634391	0.42741232	0.04773998
1.32318821	0.4293486	0.04770819
1.33006809	0.43128489	0.04767647
1.33698374	0.43322113	0.04764479
1.34393535	0.43515728	0.04761315
1.35092311	0.43709327	0.04758155
1.3579472	0.43902905	0.04754999
1.36500781	0.44096456	0.04751845
1.37210513	0.44289975	0.04748694
1.37923935	0.44483457	0.04745545
1.38641067	0.44676895	0.04742398
1.39361927	0.44870285	0.04739252
1.40086536	0.45063621	0.04736106
1.40814912	0.45256897	0.04732961
1.41547076	0.45450108	0.04729815
1.42283046	0.45643248	0.04726669
1.43022843	0.45836311	0.04723522
1.43766486	0.46029293	0.04720373
1.44513996	0.46222187	0.04717223
1.45265393	0.46414988	0.0471407
1.46020696	0.46607691	0.04710914
1.46779927	0.46800289	0.04707755
1.47543105	0.46992778	0.04704593
1.48310251	0.47185151	0.04701427
1.49081387	0.47377403	0.04698256
1.49856531	0.47569529	0.04695081
1.50635706	0.47761523	0.046919
1.51418933	0.47953379	0.04688714
1.52206231	0.48145092	0.04685523
1.52997623	0.48336656	0.04682324
1.5379313	0.48528065	0.0467912
1.54592774	0.48719315	0.04675908
1.55396575	0.48910399	0.04672689
1.56204555	0.49101311	0.04669462
1.57016736	0.49292047	0.04666227
1.57833141	0.49482601	0.04662984
1.5865379	0.49672967	0.04659732
1.59478706	0.49863139	0.04656471
1.60307911	0.50053112	0.04653201
1.61141428	0.5024288	0.04649921
1.61979278	0.50432438	0.04646631
1.62821485	0.5062178	0.0464333
1.63668071	0.50810901	0.04640019
1.64519059	0.50999794	0.04636697
1.65374471	0.51188455	0.04633364
1.66234331	0.51376878	0.04630019
1.67098662	0.51565057	0.04626662
1.67967487	0.51752987	0.04623293
1.6884083	0.51940662	0.04619912
1.69718713	0.52128077	0.04616518
1.70601161	0.52315226	0.04613111
1.71488197	0.52502103	0.04609691
1.72379845	0.52688704	0.04606257
1.7327613	0.52875022	0.0460281
1.74177074	0.53061051	0.04599349
1.75082703	0.53246788	0.04595874
1.75993041	0.53432225	0.04592384
1.76908112	0.53617357	0.0458888
1.77827941	0.5380218	0.0458536
1.78752553	0.53986686	0.04581826
1.79681972	0.54170872	0.04578276
1.80616223	0.54354731	0.04574711
1.81555332	0.54538259	0.0457113
1.82499324	0.54721448	0.04567533
1.83448225	0.54904295	0.0456392
1.84402059	0.55086794	0.04560291
1.85360852	0.55268938	0.04556645
1.86324631	0.55450724	0.04552983
1.87293421	0.55632144	0.04549304
1.88267248	0.55813195	0.04545608
1.89246139	0.5599387	0.04541895
1.90230119	0.56174164	0.04538164
1.91219215	0.56354072	0.04534416
1.92213454	0.56533589	0.04530651
1.93212863	0.56712708	0.04526868
1.94217468	0.56891425	0.04523067
1.95227297	0.57069735	0.04519248
1.96242376	0.57247631	0.04515411
1.97262733	0.57425109	0.04511556
1.98288395	0.57602164	0.04507682
1.9931939	0.57778789	0.0450379
2.00355746	0.57954981	0.0449988
2.0139749	0.58130733	0.04495951
2.02444651	0.5830604	0.04492003
2.03497257	0.58480898	0.04488037
2.04555335	0.586553	0.04484051
2.05618915	0.58829242	0.04480047
2.06688025	0.59002719	0.04476024
2.07762694	0.59175725	0.04471982
2.0884295	0.59348255	0.0446792
2.09928824	0.59520303	0.0446384
2.11020343	0.59691866	0.0445974
2.12117537	0.59862937	0.04455621
2.13220437	0.60033512	0.04451483
2.14329071	0.60203586	0.04447326
2.15443469	0.60373153	0.04443149
2.16563662	0.60542208	0.04438953
2.17689678	0.60710747	0.04434737
2.1882155	0.60878764	0.04430503
2.19959307	0.61046254	0.04426249
2.21102979	0.61213213	0.04421975
2.22252598	0.61379635	0.04417682
2.23408195	0.61545515	0.0441337
2.245698	0.61710849	0.04409039
2.25737444	0.61875631	0.04404688
2.2691116	0.62039857	0.04400318
2.28090978	0.62203521	0.04395929
2.29276931	0.6236662	0.04391521
2.30469051	0.62529147	0.04387094
2.31667368	0.62691099	0.04382647
2.32871916	0.6285247	0.04378182
2.34082728	0.63013256	0.04373697
2.35299834	0.63173451	0.04369194
2.3652327	0.63333052	0.04364672
2.37753066	0.63492053	0.04360132
2.38989257	0.63650449	0.04355572
2.40231875	0.63808237	0.04350995
2.41480954	0.63965411	0.04346399
2.42736528	0.64121966	0.04341784
2.4399863	0.64277899	0.04337151
2.45267294	0.64433204	0.04332501
2.46542555	0.64587877	0.04327832
2.47824446	0.64741913	0.04323146
2.49113003	0.64895308	0.04318441
2.50408259	0.65048057	0.0431372
2.5171025	0.65200156	0.04308981
2.53019011	0.653516	0.04304224
2.54334576	0.65502386	0.04299451
2.55656982	0.65652507	0.04294661
2.56986263	0.65801961	0.04289854
2.58322457	0.65950742	0.04285031
2.59665597	0.66098846	0.04280191
2.61015722	0.6624627	0.04275335
2.62372866	0.66393008	0.04270463
2.63737066	0.66539057	0.04265575
2.6510836	0.66684412	0.04260672
2.66486784	0.66829068	0.04255754
2.67872375	0.66973023	0.0425082
2.6926517	0.67116271	0.04245872
2.70665207	0.67258808	0.04240909
2.72072523	0.67400631	0.04235932
2.73487157	0.67541734	0.04230941
2.74909146	0.67682115	0.04225936
2.76338529	0.67821769	0.04220918
2.77775344	0.67960692	0.04215886
2.79219629	0.6809888	0.04210841
2.80671424	0.68236329	0.04205784
2.82130768	0.68373035	0.04200715
2.83597699	0.68508994	0.04195634
2.85072258	0.68644203	0.04190541
2.86554483	0.68778657	0.04185436
2.88044415	0.68912353	0.04180321
2.89542095	0.69045286	0.04175195
2.91047561	0.69177454	0.04170059
2.92560855	0.69308851	0.04164913
2.94082017	0.69439476	0.04159758
2.95611089	0.69569323	0.04154594
2.9714811	0.69698389	0.04149421
2.98693124	0.69826671	0.0414424
3.00246171	0.69954165	0.04139051
3.01807293	0.70080867	0.04133854
3.03376532	0.70206774	0.04128651
3.0495393	0.70331883	0.04123442
3.0653953	0.70456189	0.04118226
3.08133374	0.70579689	0.04113005
3.09735505	0.70702381	0.04107779
3.11345966	0.7082426	0.04102549
3.12964801	0.70945323	0.04097314
3.14592053	0.71065567	0.04092077
3.16227766	0.71184988	0.04086836
3.17871984	0.71303584	0.04081593
3.19524751	0.7142135	0.04076349
3.21186111	0.71538284	0.04071103
3.22856109	0.71654383	0.04065857
3.24534791	0.71769643	0.04060611
3.26222201	0.71884062	0.04055366
3.27918385	0.71997635	0.04050122
3.29623387	0.72110361	0.0404488
3.31337255	0.72222236	0.04039641
3.33060034	0.72333256	0.04034406
3.34791771	0.7244342	0.04029174
3.36532512	0.72552724	0.04023948
3.38282304	0.72661165	0.04018727
3.40041193	0.72768741	0.04013512
3.41809228	0.72875448	0.04008305
3.43586456	0.72981284	0.04003105
3.45372925	0.73086246	0.03997915
3.47168682	0.7319033	0.03992734
3.48973776	0.73293536	0.03987563
3.50788256	0.73395859	0.03982404
3.5261217	0.73497297	0.03977257
3.54445567	0.73597848	0.03972123
3.56288498	0.73697509	0.03967003
3.5814101	0.73796277	0.03961898
3.60003155	0.7389415	0.03956809
3.61874981	0.73991125	0.03951737
3.6375654	0.740872	0.03946683
3.65647883	0.74182373	0.03941647
3.67549059	0.74276641	0.03936632
3.69460121	0.74370002	0.03931638
3.71381118	0.74462453	0.03926666
3.73312105	0.74553992	0.03921718
3.75253131	0.74644617	0.03916794
3.77204249	0.74734326	0.03911895
3.79165513	0.74823117	0.03907023
3.81136974	0.74910987	0.0390218
3.83118685	0.74997934	0.03897365
3.851107	0.75083956	0.03892581
3.87113073	0.75169052	0.03887829
3.89125857	0.75253218	0.0388311
3.91149106	0.75336454	0.03878426
3.93182876	0.75418757	0.03873777
3.95227219	0.75500125	0.03869166
3.97282193	0.75580557	0.03864593
3.99347851	0.75660051	0.0386006
4.01424249	0.75738604	0.03855569
4.03511444	0.75816215	0.0385112
4.0560949	0.75892882	0.03846717
4.07718446	0.75968604	0.03842359
4.09838367	0.76043379	0.0383805
4.11969311	0.76117205	0.03833789
4.14111334	0.76190081	0.0382958
4.16264495	0.76262005	0.03825423
4.18428851	0.76332976	0.03821321
4.2060446	0.76402992	0.03817274
4.22791382	0.76472051	0.03813286
4.24989674	0.76540153	0.03809357
4.27199397	0.76607295	0.0380549
4.29420608	0.76673477	0.03801686
4.31653369	0.76738697	0.03797947
4.33897739	0.76802954	0.03794275
4.36153779	0.76866247	0.03790673
4.38421549	0.76928574	0.03787141
4.4070111	0.76989935	0.03783683
4.42992523	0.77050327	0.03780299
4.45295851	0.77109751	0.03776993
4.47611155	0.77168204	0.03773766
4.49938497	0.77225687	0.03770621
4.5227794	0.77282197	0.03767559
4.54629547	0.77337735	0.03764583
4.56993381	0.77392298	0.03761695
4.59369506	0.77445886	0.03758897
4.61757985	0.77498499	0.03756192
4.64158883	0.77550135	0.03753581
4.66572265	0.77600794	0.03751068
4.68998195	0.77650475	0.03748655
4.71436738	0.77699177	0.03746344
4.73887961	0.77746899	0.03744137
4.76351929	0.77793642	0.03742037
4.78828708	0.77839403	0.03740047
4.81318365	0.77884183	0.03738169
4.83820966	0.77927982	0.03736405
4.86336581	0.77970798	0.03734759
4.88865275	0.78012631	0.03733232
4.91407116	0.78053481	0.03731828
4.93962174	0.78093347	0.0373055
4.96530517	0.78132229	0.03729399
4.99112214	0.78170126	0.03728378
5.01707335	0.78207039	0.03727492
5.04315949	0.78242968	0.03726741
5.06938126	0.7827791	0.03726129
5.09573937	0.78311868	0.03725659
5.12223453	0.7834484	0.03725334
5.14886745	0.78376826	0.03725157
5.17563885	0.78407827	0.0372513
5.20254944	0.78437842	0.03725256
5.22959996	0.78466871	0.03725539
5.25679112	0.78494914	0.03725981
5.28412367	0.78521972	0.03726585
5.31159832	0.78548044	0.03727354
5.33921584	0.7857313	0.03728292
5.36697695	0.78597231	0.03729401
5.3948824	0.78620347	0.03730685
5.42293294	0.78642477	0.03732146
5.45112934	0.78663624	0.03733787
5.47947234	0.78683785	0.03735612
5.50796271	0.78702963	0.03737624
5.53660121	0.78721157	0.03739826
5.56538862	0.78738367	0.0374222
5.59432571	0.78754595	0.0374481
5.62341325	0.7876984	0.03747599
5.65265204	0.78784103	0.03750591
5.68204285	0.78797385	0.03753788
5.71158648	0.78809686	0.03757193
5.74128372	0.78821007	0.03760809
5.77113537	0.78831348	0.0376464
5.80114223	0.7884071	0.03768689
5.83130511	0.78849094	0.03772959
5.86162483	0.788565	0.03777452
5.89210219	0.7886293	0.03782173
5.92273801	0.78868383	0.03787123
5.95353313	0.78872862	0.03792307
5.98448837	0.78876366	0.03797726
6.01560455	0.78878896	0.03803385
6.04688253	0.78880454	0.03809285
6.07832313	0.78881041	0.03815431
6.10992721	0.78880657	0.03821825
6.14169561	0.78879304	0.03828469
6.17362919	0.78876982	0.03835368
6.20572881	0.78873692	0.03842523
6.23799533	0.78869437	0.03849938
6.27042962	0.78864216	0.03857615
6.30303254	0.78858032	0.03865558
6.33580499	0.78850885	0.03873768
6.36874784	0.78842776	0.03882249
6.40186197	0.78833707	0.03891004
6.43514828	0.7882368	0.03900034
6.46860766	0.78812695	0.03909344
6.50224101	0.78800753	0.03918934
6.53604924	0.78787857	0.03928809
6.57003325	0.78774008	0.03938969
6.60419396	0.78759207	0.03949419
6.63853229	0.78743455	0.03960159
6.67304916	0.78726755	0.03971194
6.7077455	0.78709107	0.03982524
6.74262224	0.78690514	0.03994152
6.77768032	0.78670977	0.0400608
6.81292069	0.78650497	0.04018312
6.84834429	0.78629077	0.04030848
6.88395207	0.78606718	0.0404369
6.91974499	0.78583421	0.04056842
6.95572402	0.78559189	0.04070304
6.99189012	0.78534023	0.04084079
7.02824426	0.78507925	0.04098168
7.06478743	0.78480897	0.04112574
7.1015206	0.78452941	0.04127298
7.13844477	0.78424059	0.04142341
7.17556092	0.78394253	0.04157707
7.21287005	0.78363524	0.04173395
7.25037318	0.78331875	0.04189408
7.2880713	0.78299307	0.04205747
7.32596543	0.78265824	0.04222413
7.36405659	0.78231426	0.04239408
7.4023458	0.78196116	0.04256734
7.4408341	0.78159896	0.04274391
7.47952252	0.78122769	0.0429238
7.51841209	0.78084736	0.04310703
7.55750387	0.78045799	0.04329361
7.59679891	0.78005962	0.04348355
7.63629826	0.77965226	0.04367686
7.67600299	0.77923593	0.04387354
7.71591416	0.77881066	0.04407361
7.75603285	0.77837647	0.04427708
7.79636013	0.77793339	0.04448395
7.83689709	0.77748144	0.04469422
7.87764483	0.77702064	0.04490791
7.91860443	0.77655102	0.04512502
7.959777	0.77607261	0.04534556
8.00116365	0.77558542	0.04556953
8.04276548	0.77508948	0.04579693
8.08458363	0.77458483	0.04602777
8.1266192	0.77407148	0.04626206
8.16887334	0.77354947	0.04649979
8.21134717	0.77301881	0.04674097
8.25404185	0.77247953	0.0469856
8.29695852	0.77193167	0.04723368
8.34009833	0.77137524	0.04748521
8.38346245	0.77081028	0.0477402
8.42705204	0.77023682	0.04799864
8.47086827	0.76965487	0.04826053
8.51491232	0.76906448	0.04852588
8.55918537	0.76846566	0.04879467
8.60368863	0.76785845	0.04906692
8.64842328	0.76724287	0.04934261
8.69339052	0.76661895	0.04962175
8.73859157	0.76598673	0.04990433
8.78402764	0.76534623	0.05019034
8.82969996	0.76469748	0.0504798
8.87560974	0.76404052	0.05077269
8.92175824	0.76337536	0.051069
8.96814668	0.76270205	0.05136874
9.01477631	0.76202061	0.0516719
9.0616484	0.76133107	0.05197847
9.1087642	0.76063347	0.05228846
9.15612497	0.75992783	0.05260184
9.203732	0.75921418	0.05291862
9.25158655	0.75849257	0.0532388
9.29968993	0.75776301	0.05356235
9.34804342	0.75702555	0.05388929
9.39664831	0.75628021	0.05421959
9.44550593	0.75552703	0.05455326
9.49461759	0.75476603	0.05489029
9.5439846	0.75399726	0.05523066
9.59360829	0.75322074	0.05557437
9.64348999	0.75243651	0.05592142
9.69363106	0.75164459	0.05627179
9.74403283	0.75084504	0.05662548
9.79469667	0.75003787	0.05698247
9.84562393	0.74922312	0.05734276
9.89681599	0.74840083	0.05770634
9.94827422	0.74757102	0.0580732
10	0.74673374	0.05844333
10.05199473	0.74588902	0.05881672
10.10425981	0.7450369	0.05919336
10.15679663	0.7441774	0.05957324
10.20960662	0.74331056	0.05995635
10.2626912	0.74243643	0.06034269
10.31605178	0.74155502	0.06073223
10.36968982	0.74066639	0.06112498
10.42360674	0.73977056	0.06152091
10.477804	0.73886758	0.06192002
10.53228306	0.73795747	0.06232231
10.58704538	0.73704027	0.06272775
10.64209244	0.73611603	0.06313633
10.69742571	0.73518477	0.06354806
10.75304669	0.73424653	0.0639629
10.80895687	0.73330135	0.06438086
10.86515775	0.73234927	0.06480193
10.92165084	0.73139032	0.06522608
10.97843767	0.73042454	0.06565331
11.03551976	0.72945198	0.06608361
11.09289865	0.72847265	0.06651697
11.15057588	0.72748661	0.06695337
11.208553	0.72649389	0.0673928
11.26683156	0.72549453	0.06783526
11.32541315	0.72448857	0.06828072
11.38429933	0.72347604	0.06872918
11.44349169	0.72245699	0.06918063
11.50299182	0.72143144	0.06963505
11.56280131	0.72039945	0.07009243
11.62292179	0.71936104	0.07055276
11.68335485	0.71831626	0.07101603
11.74410214	0.71726515	0.07148222
11.80516529	0.71620775	0.07195132
11.86654592	0.71514408	0.07242332
11.92824571	0.71407421	0.07289822
11.9902663	0.71299815	0.07337598
12.05260937	0.71191596	0.07385661
12.11527659	0.71082766	0.0743401
12.17826964	0.70973331	0.07482641
12.24159023	0.70863294	0.07531556
12.30524004	0.70752659	0.07580752
12.36922081	0.7064143	0.07630228
12.43353424	0.70529611	0.07679982
12.49818206	0.70417207	0.07730015
12.56316602	0.7030422	0.07780323
12.62848787	0.70190655	0.07830907
12.69414935	0.70076516	0.07881764
12.76015224	0.69961808	0.07932894
12.82649831	0.69846534	0.07984295
12.89318934	0.69730698	0.08035965
12.96022713	0.69614304	0.08087905
13.02761348	0.69497357	0.08140112
13.0953502	0.6937986	0.08192585
13.16343913	0.69261818	0.08245323
13.23188207	0.69143234	0.08298324
13.30068089	0.69024113	0.08351587
13.36983742	0.68904459	0.08405112
13.43935353	0.68784276	0.08458896
13.50923108	0.68663568	0.08512939
13.57947197	0.68542339	0.08567238
13.65007807	0.68420593	0.08621793
13.72105128	0.68298335	0.08676603
13.79239351	0.68175568	0.08731666
13.86410669	0.68052297	0.08786981
13.93619274	0.67928526	0.08842546
14.0086536	0.67804259	0.0889836
14.08149122	0.676795	0.08954423
14.15470755	0.67554253	0.09010732
14.22830457	0.67428523	0.09067286
14.30228426	0.67302314	0.09124084
14.3766486	0.67175629	0.09181125
14.4513996	0.67048473	0.09238408
14.52653926	0.66920851	0.0929593
14.60206961	0.66792766	0.09353691
14.67799268	0.66664222	0.09411689
14.7543105	0.66535224	0.09469924
14.83102514	0.66405776	0.09528393
14.90813866	0.66275882	0.09587095
14.98565312	0.66145546	0.0964603
15.06357062	0.66014773	0.09705195
15.14189325	0.65883567	0.0976459
15.22062312	0.65751931	0.09824212
15.29976234	0.65619871	0.09884062
15.37931304	0.65487389	0.09944137
15.45927736	0.65354492	0.10004435
15.53965746	0.65221181	0.10064957
15.62045549	0.65087463	0.101257
15.70167363	0.64953341	0.10186662
15.78331406	0.64818819	0.10247844
15.86537897	0.64683902	0.10309242
15.94787058	0.64548593	0.10370857
16.03079111	0.64412897	0.10432686
16.11414277	0.64276818	0.10494728
16.19792782	0.6414036	0.10556982
16.28214851	0.64003528	0.10619446
16.36680711	0.63866326	0.1068212
16.45190588	0.63728757	0.10745001
16.53744712	0.63590827	0.10808089
16.62343313	0.63452539	0.10871381
16.70986622	0.63313897	0.10934878
16.79674872	0.63174906	0.10998576
16.88408296	0.63035569	0.11062475
16.9718713	0.62895892	0.11126574
17.06011608	0.62755878	0.11190871
17.1488197	0.62615531	0.11255364
17.23798452	0.62474856	0.11320053
17.32761296	0.62333857	0.11384935
17.41770742	0.62192537	0.11450011
17.50827032	0.62050901	0.11515277
17.5993041	0.61908954	0.11580733
17.6908112	0.61766699	0.11646377
17.7827941	0.61624141	0.11712208